     name        block    Riesgo Seguridad Privacidad Reputacion  Utilidad   Calidad Confianza Satisfaccion   Actitud Intencion   Lealtad
       R1       Riesgo 0.8039819 0.3370606  0.3454438  0.3577474 0.3801745 0.3854742 0.3628699    0.1931275 0.3226508 0.3458713 0.3418667
       R2       Riesgo 0.8287660 0.2075696  0.1598703  0.2010276 0.1857494 0.2690431 0.2452115    0.1252209 0.1323077 0.1523049 0.2609472
       R3       Riesgo 0.8068276 0.3265393  0.1733387  0.2159044 0.2212760 0.2748744 0.3057375    0.2088372 0.2008815 0.2334272 0.2372938
       R4       Riesgo 0.8764977 0.2807916  0.2218359  0.3718757 0.3412924 0.3425684 0.3750869    0.2933702 0.3311665 0.3761292 0.3899324
       R5       Riesgo 0.8498094 0.3677947  0.3078023  0.3511020 0.2920110 0.3854069 0.3796991    0.3197373 0.3467355 0.3984980 0.4194290
       R6       Riesgo 0.7841137 0.2549722  0.2121099  0.3112101 0.1765794 0.2856812 0.2699773    0.1952263 0.3163178 0.2798781 0.3853371
      SP1    Seguridad 0.3261045 0.7809017  0.6145971  0.4066392 0.3907080 0.4634444 0.5529436    0.4377217 0.3293325 0.3580689 0.3794178
      SP2    Seguridad 0.3210417 0.8185397  0.7328518  0.5186791 0.5244831 0.6027191 0.5742502    0.4782385 0.5574779 0.5179303 0.5687064
      SP3    Seguridad 0.4281203 0.8423895  0.5988394  0.4227704 0.4432629 0.5044606 0.4384011    0.4155458 0.3813595 0.4436733 0.4635749
     SP4    Seguridad 0.3004504 0.8553638  0.6502330  0.6176099 0.5477766 0.5660635 0.5752033    0.5445477 0.5857588 0.6221572 0.6288816
     SP5    Seguridad 0.1988363 0.8726970  0.6567422  0.5789119 0.5640915 0.5864651 0.6684239    0.5173644 0.5865935 0.6241496 0.6131152
     PP1   Privacidad 0.2471536 0.5771442  0.8680656  0.6632518 0.5177772 0.6864140 0.5113009    0.5443406 0.6274849 0.5950345 0.6421529
     PP2   Privacidad 0.1757749 0.6174436  0.8598927  0.5949867 0.4925678 0.6499524 0.5228782    0.4961699 0.6000543 0.5445056 0.5687684
     PP3   Privacidad 0.2540816 0.6498257  0.8376679  0.6415328 0.4950760 0.6389489 0.5358858    0.4893408 0.5775085 0.5560470 0.6373739
     PP4   Privacidad 0.2658485 0.7314420  0.8405446  0.6008171 0.5961319 0.6639707 0.5751509    0.5155315 0.5765094 0.5755189 0.6455241
     PP5   Privacidad 0.3118292 0.7427873  0.8524964  0.5482828 0.4679985 0.6650399 0.5534664    0.4864937 0.5981748 0.5674339 0.6422354
     RP1   Reputacion 0.3107805 0.5308205  0.6057296  0.8801124 0.6622684 0.6115073 0.6165725    0.6768959 0.7127662 0.7079838 0.7157007
     RP2   Reputacion 0.3246090 0.5487198  0.6561681  0.9483609 0.6500652 0.6841906 0.6589331    0.6488488 0.7502961 0.7437668 0.8064581
     RP3   Reputacion 0.3716495 0.6033047  0.6782470  0.9427724 0.7444238 0.7680161 0.6758116    0.7094064 0.8381163 0.8096309 0.8407797
     RP4   Reputacion 0.3773035 0.5995381  0.7006100  0.9236692 0.6855257 0.7473848 0.6565703    0.6686590 0.7802301 0.7755963 0.8361567
     UT1     Utilidad 0.2386117 0.5739826  0.6432455  0.7330058 0.9124025 0.7186298 0.6475635    0.7384666 0.7172638 0.7759084 0.6732113
     UT2     Utilidad 0.3071244 0.4653754  0.5020425  0.6596709 0.8783571 0.6847578 0.5455197    0.6023052 0.5996802 0.6517430 0.6234864
     UT3     Utilidad 0.3757804 0.6111751  0.5917702  0.7321347 0.9275647 0.6888854 0.6946334    0.6873651 0.6468412 0.7330164 0.6639561
     UT4     Utilidad 0.2618850 0.5419819  0.5280421  0.6855403 0.9237961 0.6547772 0.6636703    0.6109489 0.6402270 0.7219909 0.6410357
     UT5     Utilidad 0.3447259 0.5189860  0.4806370  0.5639008 0.9158565 0.6240305 0.6066995    0.5597981 0.5208718 0.6468815 0.5359286
    CTT1      Calidad 0.3486552 0.5215862  0.6512327  0.6042878 0.6927497 0.8705764 0.5537154    0.6341050 0.6550048 0.6467042 0.6726715
    CTT2      Calidad 0.2953289 0.6301688  0.7525106  0.7304096 0.6847431 0.8907464 0.5712759    0.6607243 0.7756372 0.7221935 0.8123243
    CTT3      Calidad 0.3436036 0.6107935  0.7170995  0.6971337 0.6499210 0.8938867 0.5481075    0.6260538 0.7491756 0.6900988 0.7640862
   CINF1      Calidad 0.3878926 0.5530890  0.6598329  0.7298466 0.6611586 0.8487395 0.5870574    0.7532734 0.7570576 0.7657175 0.7332392
   CINF2      Calidad 0.2910452 0.5473925  0.6412743  0.7465170 0.6908363 0.8750082 0.6344169    0.7503641 0.7445224 0.7302063 0.7523941
   CINF3      Calidad 0.3322034 0.5598905  0.6608218  0.7820865 0.7025114 0.8322462 0.6237637    0.7534841 0.7872049 0.7500653 0.7811386
  CSERV1      Calidad 0.2446140 0.5486294  0.6320771  0.5658029 0.6191577 0.8069796 0.5464032    0.5541117 0.5884289 0.5906497 0.6094060
  CSERV2      Calidad 0.2845050 0.4281900  0.5026312  0.4199734 0.4890548 0.7388383 0.4769477    0.3949805 0.4387307 0.4405797 0.4599471
  CSERV3      Calidad 0.3978460 0.5821801  0.7041145  0.6293078 0.6353012 0.8792188 0.5522668    0.6154697 0.6609342 0.6505510 0.7017946
  CSERV4      Calidad 0.3723570 0.5774230  0.6426306  0.5310243 0.5771815 0.8269594 0.5323365    0.5281460 0.5590783 0.5782226 0.6382423
  CSERV5      Calidad 0.4246061 0.4635732  0.5337161  0.4842776 0.4463512 0.7194351 0.3914104    0.4800689 0.5026231 0.4975237 0.5857471
  CSERV6      Calidad 0.2859208 0.4070217  0.5838205  0.4922768 0.4799647 0.7644929 0.5035182    0.4488014 0.5384693 0.5358992 0.6229355
   CDIS1      Calidad 0.3958954 0.5816817  0.6169585  0.7123106 0.6795801 0.8376961 0.6417262    0.7612678 0.7672494 0.7306899 0.7734832
   CDIS2      Calidad 0.3090359 0.5923418  0.6989825  0.7126151 0.6462334 0.8957961 0.5753821    0.6287593 0.7380681 0.7063197 0.8006380
   CDIS3      Calidad 0.3398162 0.6091725  0.7218176  0.6204533 0.5459608 0.8601516 0.5797955    0.6231279 0.6728890 0.6401728 0.7712807
     PC2    Confianza 0.3382365 0.5974722  0.4532277  0.4590872 0.4541486 0.4501160 0.8658916    0.4119647 0.4373708 0.5203252 0.4708575
     PC3    Confianza 0.3581946 0.6315991  0.5334831  0.5755523 0.4913350 0.5316479 0.8458316    0.4673850 0.4732253 0.4891346 0.5549242
   INTC1    Confianza 0.3119954 0.5015324  0.5834426  0.6958015 0.7487774 0.6575870 0.8024245    0.6918934 0.7248356 0.8649591 0.7077576
    SAT1 Satisfaccion 0.2869343 0.5746276  0.6376134  0.7517861 0.7239374 0.7844817 0.6227011    0.9360099 0.8046150 0.7988653 0.7687353
    SAT2 Satisfaccion 0.1914534 0.4684885  0.4757075  0.6497411 0.6538365 0.6200570 0.5785925    0.9224590 0.6687902 0.7619637 0.6753607
    SAT3 Satisfaccion 0.2908168 0.3641183  0.3208389  0.3084001 0.2597777 0.3596436 0.3220928    0.5247215 0.2954743 0.3421848 0.3029737
    SAT4 Satisfaccion 0.2373726 0.5521441  0.5501309  0.6888766 0.6532709 0.6968742 0.6223441    0.9534858 0.7769186 0.8232156 0.7518322
    ACT1      Actitud 0.3482939 0.5910681  0.7053772  0.8127260 0.7066842 0.8037981 0.6664517    0.8099946 0.9757495 0.8757246 0.8541345
    ACT2      Actitud 0.3222797 0.5707212  0.6574474  0.8148870 0.6325506 0.7554118 0.6445439    0.7141388 0.9741567 0.8499520 0.8799374
   INTC1    Intencion 0.3119954 0.5015324  0.5834426  0.6958015 0.7487774 0.6575870 0.8024245    0.6918934 0.7248356 0.8649591 0.7077576
   INTC2    Intencion 0.2858362 0.5578147  0.6538073  0.7456993 0.6498153 0.7101296 0.6787384    0.7272957 0.8105057 0.8813382 0.7598019
   INTC3    Intencion 0.2404440 0.4142327  0.4174829  0.5310330 0.5748545 0.5221980 0.5869767    0.6360837 0.5985633 0.7896721 0.6207097
  INTRC1    Intencion 0.3092595 0.5917290  0.6231827  0.7712462 0.8087147 0.7594397 0.7127712    0.7910557 0.8457550 0.9232479 0.8043214
 INTUSO1    Intencion 0.4386649 0.6279668  0.6418983  0.7696069 0.6816926 0.7362550 0.6692637    0.7430824 0.8163682 0.8954657 0.8215722
 INTUSO2    Intencion 0.3181417 0.5525172  0.5937233  0.7817535 0.6709454 0.7089400 0.6574797    0.7866904 0.8437478 0.9162742 0.8069026
 INTUSO3    Intencion 0.3945880 0.5791869  0.5723022  0.7429538 0.6446688 0.6767478 0.6619705    0.7421781 0.7857267 0.8886922 0.8020918
   LEAL1      Lealtad 0.4253683 0.6480265  0.7389719  0.8517925 0.6690097 0.8274895 0.6878267    0.7154516 0.8656355 0.8364418 0.9559598
   LEAL2      Lealtad 0.3448316 0.5692611  0.6743020  0.8291901 0.6430471 0.7879548 0.6529838    0.7482336 0.8655376 0.8241156 0.9531281
   LEAL3      Lealtad 0.4244154 0.6250542  0.6958820  0.7987147 0.6607423 0.7897864 0.6838140    0.7263658 0.8125054 0.8207669 0.9523196
